 40 
 40 
 40 
-1 
-1 
-1 
-1 
-1 
 0 
 0 
-256 
-1 
-1 
-1 
-1 
-1 
-1 
-1 
 0 
 0 
-256 
-1 
-1 
-257 
-241 
-1 
-1 
-1 
 256 
 240 
-256 
 4094 
-1 
-769 
-241 
-1 
-1 
-1 
 768 
 240 
-256 
 4092 
-1 
-8449 
-241 
-1 
-33 
-1 
 256 
 240 
-256 
 4094 
-1 
-4865 
-241 
-1 
-17 
-1 
 768 
 240 
-256 
 4092 
-1 
-2817 
-249 
-1 
-9 
-1 
 768 
 248 
-256 
 2044 
-1 
-26369 
-249 
-1 
-5 
-1 
 25344 
 248 
-256 
 1948 
-1 
-32513 
-241 
-1 
-1 
-1 
 32512 
 240 
-256 
 3968 
-1 
-32513 
 32526 
-1 
-1 
-1 
 32512 
-32527 
-256 
 3712 
-129 
-7937 
 32512 
-1 
-1 
-1 
-256 
-32513 
-256 
 224 
-129 
-1793 
 32512 
-1 
-1 
-1 
-256 
-32513 
-256 
 248 
-129 
-1 
-1 
-1 
 4016 
-1 
 12288 
 8 
-256 
 4016 
-1 
-1 
-9 
-1 
 26531 
-1 
 8960 
 96 
-256 
 28579 
-1 
-513 
-65 
-1 
 9089 
-1 
 256 
 32 
-256 
 9089 
-1 
-1 
-3 
-1 
 448 
-1 
 0 
 0 
-256 
 960 
-1 
-1 
-2 
-1 
 738 
-1 
 512 
 0 
-256 
 994 
-1 
-28673 
 32767 
-1 
-24703 
-129 
 256 
 128 
-256 
-24703 
-1 
-18433 
-16433 
-1 
 4016 
-95 
 0 
 8 
-256 
 3968 
-31 
-10241 
-73 
-1 
-18473 
-63 
 18176 
 134 
-256 
 1984 
-63 
-10241 
-73 
-1 
-18473 
-127 
-14592 
 135 
-256 
 1988 
-127 
-10241 
-105 
-1 
-26665 
-127 
-14591 
-32633 
-256 
-30777 
-127 
-10241 
-1065 
-1 
-10281 
-245 
-14589 
 199 
-256 
-14394 
-241 
-10241 
-549 
-257 
-10217 
-227 
 1792 
 192 
-512 
-32765 
-225 
-26625 
-293 
-769 
-10217 
-226 
 1792 
 192 
-1024 
-16380 
-225 
-9985 
-227 
-945 
 7512 
 20287 
 0 
 0 
-1024 
 320 
-193 
-8193 
-3 
-1865 
-545 
-18433 
 0 
 0 
-2048 
 448 
-1 
-8193 
-3 
-1957 
-673 
 23551 
 0 
 0 
-2048 
 320 
-1 
-8193 
-3 
-1939 
-545 
 28159 
 0 
 0 
-2048 
 448 
-1 
-4097 
-5 
-1930 
-1041 
 30463 
 0 
 0 
-2048 
 992 
-1 
-4097 
-163 
-65 
 24047 
-16385 
 0 
 0 
-256 
 480 
-1 
-4097 
-69 
-33 
-17425 
-8193 
 0 
 0 
-256 
 992 
-1 
-2049 
-69 
-17 
-17417 
-4097 
 0 
 0 
-256 
 1008 
-1 
-1025 
-67 
-1 
-16901 
-1 
 0 
 0 
-256 
 504 
-1 
-1025 
-69 
-1 
-17413 
-1 
 0 
 0 
-256 
 1016 
-1 
-2049 
-67 
-1 
-16905 
-1 
 0 
 0 
-256 
 496 
-1 
-3841 
-255 
-1 
 496 
-1 
 0 
 0 
-256 
 496 
-1 
-7937 
-256 
-1 
-16657 
-1 
 3840 
 190 
-256 
 224 
-1 
 254 
 3840 
-257 
-16609 
-241 
 7936 
 191 
-512 
 0 
-241 
 254 
 3840 
-257 
-16385 
-17 
-256 
-8001 
-512 
 0 
-241 
