 7 
 3 
 3 
 3 
 3 
 12 
 3 
 3 
 12 
 3 
 3 
 7 
 7 
 7 
 12 
 7 
 3 
 7 
 3 
 7 
 3 
 7 
 3 
 7 
 7 
 3 
 3 
 3 
 3 
 3 
 3 
 12 
 3 
 3 
 3 
 7 
 7 
 7 
 12 
 7 
 12 
 7 
 3 
 7 
 3 
 7 
 12 
 7 
 7 
 3 
 3 
 3 
 3 
 3 
 3 
 3 
 3 
 3 
 3 
 7 
 7 
 3 
 7 
 12 
 7 
 3 
 7 
 3 
 7 
 12 
 7 
 7 
 7 
 3 
 3 
 3 
 12 
 3 
 3 
 3 
 3 
 3 
 12 
 7 
 7 
 7 
 3 
 7 
 12 
 7 
 12 
 7 
 12 
 7 
 3 
 7 
 7 
 12 
 3 
 3 
 3 
 3 
 3 
 3 
 3 
 3 
 3 
 7 
 7 
 3 
 7 
 3 
 7 
 3 
 7 
 3 
 7 
 3 
 7 
 7 
 7 
 3 
 3 
 12 
 3 
 12 
 3 
 3 
 3 
 12 
 3 
 7 
 7 
 3 
 7 
 3 
 7 
 3 
 7 
 3 
 7 
 3 
 7 
 7 
 7 
 3 
 3 
 3 
 3 
 3 
 3 
 3 
 3 
 3 
 3 
 7 
 7 
 3 
 7 
 12 
 7 
 3 
 7 
 3 
 7 
 3 
 7 
 7 
 7 
 3 
 3 
 3 
 3 
 12 
 3 
 3 
 3 
 3 
 3 
 7 
 7 
 7 
 7 
 7 
 3 
 7 
 7 
 7 
 7 
 7 
 7 
 7 
